id,count
c0c8f73f-cdcc-496f-81ab-373878cca6f8,430
